1 256
2 256
3 256
4 256
5 256
6 256
7 256
8 256
9 256
10 256
11 256
12 256
13 256
14 256
15 256
16 256
17 256
18 256
19 256
20 256
21 256
22 256
23 256
24 256
25 256
26 256
27 256
28 256
29 256
30 256
31 256
32 256
33 256
34 256
35 256
36 256
37 256
38 256
39 256
40 256
41 256
42 256
43 256
44 256
45 256
46 256
47 256
48 256
49 256
50 256
51 256
52 256
53 256
54 256
55 256
56 256
57 256
58 256
59 256
60 256
61 256
62 256
63 256
64 256
65 256
66 256
67 256
68 256
69 256
70 256
71 256
72 256
73 256
74 256
75 256
76 256
77 256
78 256
79 256
80 256
81 256
82 256
83 256
84 256
85 256
86 256
87 256
88 256
89 256
90 256
91 256
92 256
93 256
94 256
95 256
96 256
97 256
98 256
99 256
100 256
101 256
102 256
103 256
104 256
105 256
106 256
107 256
108 256
109 256
110 256
111 256
112 256
113 256
114 256
115 256
116 256
117 256
118 256
119 256
120 256
121 256
122 256
123 256
124 256
125 256
126 256
127 256
128 256
129 256
130 256
131 256
132 256
133 256
134 256
135 256
136 256
137 256
138 256
139 10
140 10
141 10
142 10
143 11
144 20
145 24
146 27
147 66
148 76
149 76
150 77
151 78
152 82
153 88
154 100
155 100
156 100
157 101
158 111
159 188
160 208
161 208
162 208
163 210
164 220
165 220
166 221
167 232
168 233
169 233
170 242
171 242
172 244
173 244
174 244
175 244
176 244
177 245
178 245
179 254
180 255