1 256
2 50
3 256
4 50
5 256
6 50
7 256
8 50
9 256
10 50
11 256
12 50
13 256
14 50
15 256
16 50
17 256
18 50
19 256
20 50
21 256
22 50
23 256
24 50
25 256
26 50
27 256
28 50
29 256
30 50
31 256
32 50
33 256
34 50
35 256
36 50
37 256
38 50
39 256
40 50
41 256
42 50
43 256
44 50
45 256
46 50
47 256
48 50
49 256
50 50
51 256
52 50
53 256
54 50
55 256
56 50
57 256
58 50
59 256
60 50
61 256
62 50
63 256
64 50
65 256
66 50
67 256
68 50
69 256
70 50
71 256
72 50
73 256
74 50
75 256
76 50
77 256
78 50
79 256
80 50
81 256
82 50
83 256
84 50
85 256
86 50
87 256
88 50
89 256
90 50
91 256
92 50
93 256
94 50
95 256
96 50
97 256
98 50
99 256
100 50
101 256
102 50
103 256
104 50
105 256
106 50
107 256
108 50
109 256
110 50
111 256
112 50
113 256
114 50
115 256
116 50
117 256
118 50
119 256
120 50
121 256
122 50
123 256
124 50
125 256
126 50
127 256
128 50
129 256
130 50
131 256
132 50
133 256
134 50
135 256
136 50
137 256
138 50
139 256
140 50
141 256
142 50
143 256
144 50
145 256
146 50
147 256
148 50
149 256
150 50
151 256
152 50
153 256
154 50
155 256
156 50
157 256
158 50
159 256
160 50
161 256
162 50
163 256
164 50
165 256
166 50
167 256
168 50
169 256
170 50
171 256
172 50
173 256
174 50
175 256
176 50
177 256
178 50
179 256
180 50
181 256
182 50
183 256
184 50
185 256
186 50
187 256
188 50
189 256
190 50
191 256
192 50
193 256
194 50
195 256
196 50
197 256
198 50
199 256
200 50
201 256
202 50
203 256
204 50
205 256
206 50
207 256
208 50
209 256
210 50
211 256
212 50
213 256
214 50
215 256
216 50
217 256
218 50
219 256
220 50
221 256
222 50
223 256
224 50
225 256
226 50
227 256
228 50
229 256
230 50
231 256
232 50
233 256
234 50
235 256
236 50
237 256
238 50
239 256
240 50
241 256
242 50
243 256
244 50
245 256
246 50
247 256
248 50
249 256
250 50
251 256
252 50
253 256
254 50
255 256
256 50
257 256
258 50
259 256
260 50
261 256
262 50
263 256
264 50
265 256
266 50
267 256
268 50
269 256
270 50
271 256
272 50
273 256
274 50
275 256
276 50
277 256
278 50
279 256
280 50
281 256
282 50
283 256
284 50
285 256
286 50
287 256
288 50
289 256
290 50
291 256
292 50
293 256
294 50
295 256
296 50
297 256
298 50
299 256
300 50
301 256
302 50
303 256
304 50
305 256
306 50
307 256
308 50
309 256
310 50
311 256
312 50
313 256
314 50
315 256
316 50
317 256
318 50
319 256
320 50
321 256
322 50
323 256
324 50
325 256
326 50
327 256
328 50
329 256
330 50
331 256
332 50
333 256
334 50
335 256
336 50
337 256
338 50
339 256
340 50
341 256
342 50
343 256
344 50
345 256
346 50
347 256
348 50
349 256
350 50
351 256
352 50
353 256
354 50
355 256
356 50
357 256
358 50
359 256
360 50
361 256
362 50
363 256
364 50
365 256
366 50
367 256
368 50
369 256
370 50
371 256
372 50
373 256
374 50
375 256
376 50
377 256
378 50
379 256
380 50
381 256
382 50
383 256
384 50
385 256
386 50
387 256
388 50
389 256
390 50
391 256
392 50
393 256
394 50
395 256
396 50
397 256
398 50
399 256
400 50
401 256
402 50
403 256
404 50
405 256
406 50
407 256
408 50
409 256
410 50
411 256
412 50
413 256
414 50
415 256
416 50
417 256
418 50
419 256
420 50
421 256
422 50
423 256